加密对话

客户端请求建立对话
失败: 不能跟自己对话 400 USER_ID_INVALID
TLRPC.TL_messages_requestEncryption#f64daf43 {
    g_a: 100, 53, -80, 111, 119, -15, 43, 45, 23, -63, 78, -97, -47, -58, -67, -116, 71, -6, -20, 10, 102, 57, 30, 83, 91, -49, 30, -52, -112, 58, 96, 6, 111, 22, 67, 2, -96, -4, -111, -71, 126, 8, -98, 68, 27, -99, 72, -20, -80, 96, -81, 78, 127, -24, 18, -104, -60, -81, -17, 49, -120, 91, 122, 61, 5, 18, -3, -23, 117, -92, -71, -56, -37, -67, -99, -28, -10, -5, -105, -102, -107, -26, -80, 32, -89, -97, 20, -75, -89, 119, 60, 95, 28, 78, 64, 107, -128, -11, -106, 44, 118, 3, 25, -17, 66, -115, 102, -89, -56, -43, -99, -15, -55, 72, -47, -82, 66, -120, 21, -68, -111, -73, 88, -4, 13, -115, -79, 87, -107, -76, 24, 77, 52, -80, 15, -69, -41, -109, -121, 31, 14, -128, 72, -100, -75, 101, -103, 123, -119, -71, 74, -57, -50, 7, -120, -117, 37, -34, 11, 55, 70, 81, -49, -100, -6, 12, -43, -107, 63, 5, -26, -66, 11, 127, -47, 41, 62, -89, 105, 111, 26, -99, 16, -65, -76, 106, 39, 18, 81, 97, 23, 5, 6, -52, 18, -35, -94, 72, 72, -72, -116, 85, -46, -6, 24, -44, -111, 90, 112, -93, -37, -79, -14, 57, 84, 61, 113, 95, -128, 90, 59, 121, 55, -26, -42, -84, 74, -124, -100, 100, -31, 77, -128, -39, -88, -72, -19, -107, -5, 73, 13, -6, 91, -116, -54, 67, 48, -107, 35, 114, -127, -71, 115, -27, -34, -108,
    random_id: 1901691129,
    user_id: TLRPC.TL_inputUserSelf#f7c1b13f {
        access_hash: 0 LONG,
        user_id: 0,
    },
}

客户端请求结束对话
失败: 会话已结束 400 ENCRYPTION_ALREADY_DECLINED
TLRPC.TL_messages_discardEncryption#edd923c5 {
    chat_id: -391242575,
}
